20010104
20010114
20010121
20010204
20010215
20010304
20010318
20010322
20010325
20010329
20010429
20010527
20010617
20010621
20010624
20010708
20010712
20010715
20010719
20010722
20010726
20010729
20010802
20010805
20010809
20010812
20010816
20010819
20010823
20010826
20010830
20010902
20010906
20010909
20010913
20010916
20010920
20010923
20010927
20010930
20011004
20011007
20011011
20011014
20011018
20011021
20011025
20011028
20011101
20011108
20011111
20011115
20011118
20011122
20011125
20011129
20011202
20011206
20011209
20011213
20011216
20011220
20011223
20011227
20011230
