20060104
20060107
20060111
20060114
20060118
20060121
20060125
20060128
20060201
20060204
20060208
20060211
20060215
20060218
20060222
20060225
20060301
20060304
20060308
20060311
20060315
20060318
20060322
20060325
20060329
20060401
20060405
20060408
20060412
20060415
20060419
20060422
20060426
20060429
20060503
20060506
20060510
20060513
20060517
20060520
20060524
20060527
20060531
20060603
20060607
20060610
20060614
20060617
20060621
20060624
20060628
20060701
20060705
20060708
20060712
20060715
20060719
20060722
20060726
20060729
20060802
20060805
20060809
20060812
20060816
20060819
20060823
20060826
20060830
20060902
20060906
20060909
20060913
20060916
20060920
20060923
20060927
20060930
20061004
20061007
20061011
20061014
20061018
20061021
20061025
20061028
20061101
20061104
20061108
20061111
20061115
20061118
20061122
20061125
20061129
20061202
20061206
20061209
20061213
20061216
20061220
20061223
20061227
20061230
20070104
20070107
20070111
20070114
20070118
20070121
20070125
20070128
20070201
20070204
20070208
20070211
20070215
20070218
20070222
20070225
20070301
20070304
20070308
20070311
20070315
20070318
20070322
20070325
20070329
20070401
20070405
20070408
20070412
20070415
20070419
20070422
20070426
20070429
20070503
20070506
20070510
20070513
20070517
20070520
20070524
20070527
20070531
20070603
20070607
20070610
20070614
20070617
20070621
20070624
20070628
20070701
20070705
20070708
20070712
20070715
20070719
20070722
20070726
20070729
20070802
20070805
20070809
20070812
20070816
20070819
20070823
20070826
20070830
20070902
20070906
20070909
20070913
20070916
20070920
20070923
20070927
20070930
20071004
20071007
20071011
20071014
20071018
20071021
20071025
20071028
20071101
20071104
20071108
20071111
20071115
20071118
20071122
20071125
20071129
20071202
20071206
20071209
20071213
20071216
20071220
20071223
20071227
20071230
20080104
20080107
20080111
20080114
20080118
20080121
20080125
20080128
20080201
20080204
20080208
20080211
20080215
20080218
20080222
20080225
20080301
20080304
20080308
20080311
20080315
20080318
20080322
20080325
20080329
20080401
20080405
20080408
20080412
20080415
20080419
20080422
20080426
20080429
20080503
20080506
20080510
20080513
20080517
20080520
20080524
20080527
20080531
20080603
20080607
20080610
20080614
20080617
20080621
20080624
20080628
20080701
20080705
20080708
20080712
20080715
20080719
20080722
20080726
20080729
20080802
20080805
20080809
20080812
20080816
20080819
20080823
20080826
20080830
20080902
20080906
20080909
20080913
20080916
20080920
20080923
20080927
20080930
20081004
20081007
20081011
20081014
20081018
20081021
20081025
20081028
20081101
20081104
20081108
20081111
20081115
20081118
20081122
20081125
20081129
20081202
20081206
20081209
20081213
20081216
20081220
20081223
20081227
20081230
20090104
20090107
20090111
20090114
20090118
20090121
20090125
20090128
20090201
20090204
20090208
20090211
20090215
20090218
20090222
20090225
20090301
20090304
20090308
20090311
20090315
20090318
20090322
20090325
20090329
20090401
20090405
20090408
20090412
20090415
20090419
20090422
20090426
20090429
20090503
20090506
20090510
20090513
20090517
20090520
20090524
20090527
20090531
20090603
20090607
20090610
20090614
20090617
20090621
20090624
20090628
20090701
20090705
20090708
20090712
20090715
20090719
20090722
20090726
20090729
20090802
20090805
20090809
20090812
20090816
20090819
20090823
20090826
20090830
20090902
20090906
20090909
20090913
20090916
20090920
20090923
20090927
20090930
20091004
20091007
20091011
20091014
20091018
20091021
20091025
20091028
20091101
20091104
20091108
20091111
20091115
20091118
20091122
20091125
20091129
20091202
20091206
20091209
20091213
20091216
20091220
20091223
20091227
20091230
20100104
20100107
20100111
20100114
20100118
20100121
20100125
20100128
20100201
20100204
20100208
20100211
20100215
20100218
20100222
20100225
20100301
20100304
20100308
20100311
20100315
20100318
20100322
20100325
20100329
20100401
20100405
20100408
20100412
20100415
20100419
20100422
20100426
20100429
20100503
20100506
20100510
20100513
20100517
20100520
20100524
20100527
20100531
20100603
20100607
20100610
20100614
20100617
20100621
20100624
20100628
20100701
20100705
20100708
20100712
20100715
20100719
20100722
20100726
20100729
20100802
20100805
20100809
20100812
20100816
20100819
20100823
20100826
20100830
20100902
20100906
20100909
20100913
20100916
20100920
20100923
20100927
20100930
20101004
20101007
20101011
20101014
20101018
20101021
20101025
20101028
20101101
20101104
20101108
20101111
20101115
20101118
20101122
20101125
20101129
20101202
20101206
20101209
20101213
20101216
20101220
20101223
20101227
20101230
20110104
20110107
20110111
20110114
20110118
20110121
20110125
20110128
20110201
20110204
20110208
20110211
20110215
20110218
20110222
20110225
20110301
20110304
20110308
20110311
20110315
20110318
20110322
20110325
20110329
20110401
20110405
20110408
20110412
20110415
20110419
20110422
20110426
20110429
20110503
20110506
20110510
20110513
20110517
20110520
20110524
20110527
20110531
20110603
20110607
20110610
20110614
20110617
20110621
20110624
20110628
20110701
20110705
20110708
20110712
20110715
20110719
20110722
20110726
20110729
20110802
20110805
20110809
20110812
20110816
20110819
20110823
20110826
20110830
20110902
20110906
20110909
20110913
20110916
20110920
20110923
20110927
20110930
20111004
20111007
20111011
20111014
20111018
20111021
20111025
20111028
20111101
20111104
20111108
20111111
20111115
20111118
20111122
20111125
20111129
20111202
20111206
20111209
20111213
20111216
20111220
20111223
20111227
20111230
20120104
20120107
20120111
20120114
20120118
20120121
20120125
20120128
20120201
20120204
20120208
20120211
20120215
20120218
20120222
20120225
20120301
20120304
20120308
20120311
20120315
20120318
20120322
20120325
20120329
20120401
20120405
20120408
20120412
20120415
20120419
20120422
20120426
20120429
20120503
20120506
20120510
20120513
20120517
20120520
20120524
20120527
20120531
20120603
20120607
20120610
20120614
20120617
20120621
20120624
20120628
20120701
20120705
20120708
20120712
20120715
20120719
20120722
20120726
20120729
20120802
20120805
20120809
20120812
20120816
20120819
20120823
20120826
20120830
20120902
20120906
20120909
20120913
20120916
20120920
20120923
20120927
20120930
20121004
20121007
20121011
20121014
20121018
20121021
20121025
20121028
20121101
20121104
20121108
20121111
20121115
20121118
20121122
20121125
20121129
20121202
20121206
20121209
20121213
20121216
20121220
20121223
20121227
20121230
20130104
20130107
20130111
20130114
20130118
20130121
20130125
20130128
20130201
20130204
20130208
20130211
20130215
20130218
20130222
20130225
20130301
20130304
20130308
20130311
20130315
20130318
20130322
20130325
20130329
20130401
20130405
20130408
20130412
20130415
20130419
20130422
20130426
20130429
20130503
20130506
20130510
20130513
20130517
20130520
20130524
20130527
20130531
20130603
20130607
20130610
20130614
20130617
20130621
20130624
20130628
20130701
20130705
20130708
20130712
20130715
20130719
20130722
20130726
20130729
20130802
20130805
20130809
20130812
20130816
20130819
20130823
20130826
20130830
20130902
20130906
20130909
20130913
20130916
20130920
20130923
20130927
20130930
20131004
20131007
20131011
20131014
20131018
20131021
20131025
20131028
20131101
20131104
20131108
20131111
20131115
20131118
20131122
20131125
20131129
20131202
20131206
20131209
20131213
20131216
20131220
20131223
20131227
20131230
20140104
20140107
20140111
20140114
20140118
20140121
20140125
20140128
20140201
20140204
20140208
20140211
20140215
20140218
20140222
20140225
20140301
20140304
20140308
20140311
20140315
20140318
20140322
20140325
20140329
20140401
20140405
20140408
20140412
20140415
20140419
20140422
20140426
20140429
20140503
20140506
20140510
20140513
20140517
20140520
20140524
20140527
20140531
20140603
20140607
20140610
20140614
20140617
20140621
20140624
20140628
20140701
20140705
20140708
20140712
20140715
20140719
20140722
20140726
20140729
20140802
20140805
20140809
20140812
20140816
20140819
20140823
20140826
20140830
20140902
20140906
20140909
20140913
20140916
20140920
20140923
20140927
20140930
20141004
20141007
20141011
20141014
20141018
20141021
20141025
20141028
20141101
20141104
20141108
20141111
20141115
20141118
20141122
20141125
20141129
20141202
20141206
20141209
20141213
20141216
20141220
20141223
20141227
20141230
20150104
20150107
20150111
20150114
20150118
20150121
20150125
20150128
20150201
20150204
20150208
20150211
20150215
20150218
20150222
20150225
20150301
20150304
20150308
20150311
20150315
20150318
20150322
20150325
20150329
20150401
20150405
20150408
20150412
20150415
20150419
20150422
20150426
20150429
20150503
20150506
20150510
20150513
20150517
20150520
20150524
20150527
20150531
20150603
20150607
20150610
20150614
20150617
20150621
20150624
20150628
20150701
20150705
20150708
20150712
20150715
20150719
20150722
20150726
20150729
20150802
20150805
20150809
20150812
20150816
20150819
20150823
20150826
20150830
20150902
20150906
20150909
20150913
20150916
20150920
20150923
20150927
20150930
20151004
20151007
20151011
20151014
20151018
20151021
20151025
20151028
20151101
20151104
20151108
20151111
20151115
20151118
20151122
20151125
20151129
20151202
20151206
20151209
20151213
20151216
20151220
20151223
20151227
20151230
20160104
20160107
20160111
20160114
20160118
20160121
20160125
20160128
20160201
20160204
20160208
20160211
20160215
20160218
20160222
20160225
20160301
20160304
20160308
20160311
20160315
20160318
20160322
20160325
20160329
20160401
20160405
20160408
20160412
20160415
20160419
20160422
20160426
20160429
20160503
20160506
20160510
20160513
20160517
20160520
20160524
20160527
20160531
20160603
20160607
20160610
20160614
20160617
20160621
20160624
20160628
20160701
20160705
20160708
20160712
20160715
20160719
20160722
20160726
20160729
20160802
20160805
20160809
20160812
20160816
20160819
20160823
20160826
20160830
20160902
20160906
20160909
20160913
20160916
20160920
20160923
20160927
20160930
20161004
20161007
20161011
20161014
20161018
20161021
20161025
20161028
20161101
20161104
20161108
20161111
20161115
20161118
20161122
20161125
20161129
20161202
20161206
20161209
20161213
20161216
20161220
20161223
20161227
20161230
20170104
20170107
20170111
20170114
20170118
20170121
20170125
20170128
20170201
20170204
20170208
20170211
20170215
20170218
20170222
20170225
20170301
20170304
20170308
20170311
20170315
20170318
20170322
20170325
20170329
20170401
20170405
20170408
20170412
20170415
20170419
20170422
20170426
20170429
20170503
20170506
20170510
20170513
20170517
20170520
20170524
20170527
20170531
20170603
20170607
20170610
20170614
20170617
20170621
20170624
20170628
20170701
20170705
20170708
20170712
20170715
20170719
20170722
20170726
20170729
20170802
20170805
20170809
20170812
20170816
20170819
20170823
20170826
20170830
20170902
20170906
20170909
20170913
20170916
20170920
20170923
20170927
20170930
20171004
20171007
20171011
20171014
20171018
20171021
20171025
20171028
20171101
20171104
20171108
20171111
20171115
20171118
20171122
20171125
20171129
20171202
20171206
20171209
20171213
20171216
20171220
20171223
20171227
20171230
20180104
20180107
20180111
20180114
20180118
20180121
20180125
20180128
20180201
20180204
20180208
20180211
20180215
20180218
20180222
20180225
20180301
20180304
20180308
20180311
20180315
20180318
20180322
20180325
20180329
20180401
20180405
20180408
20180412
20180415
20180419
20180422
20180426
20180429
20180503
20180506
20180510
20180513
20180517
20180520
20180524
20180527
20180531
20180603
20180607
20180610
20180614
20180617
20180621
20180624
20180628
20180701
20180705
20180708
20180712
20180715
20180719
20180722
20180726
20180729
20180802
20180805
20180809
20180812
20180816
20180819
20180823
20180826
20180830
20180902
20180906
20180909
20180913
20180916
20180920
20180923
20180927
20180930
20181004
20181007
20181011
20181014
20181018
20181021
20181025
20181028
20181101
20181104
20181108
20181111
20181115
20181118
20181122
20181125
20181129
20181202
20181206
20181209
20181213
20181216
20181220
20181223
20181227
20181230
20190104
20190107
20190111
20190114
20190118
20190121
20190125
20190128
20190201
20190204
20190208
20190211
20190215
20190218
20190222
20190225
20190301
20190304
20190308
20190311
20190315
20190318
20190322
20190325
20190329
20190401
20190405
20190408
20190412
20190415
20190419
20190422
20190426
20190429
20190503
20190506
20190510
20190513
20190517
20190520
20190524
20190527
20190531
20190603
20190607
20190610
20190614
20190617
20190621
20190624
20190628
20190701
20190705
20190708
20190712
20190715
20190719
20190722
20190726
20190729
20190802
20190805
20190809
20190812
20190816
20190819
20190823
20190826
20190830
20190902
20190906
20190909
20190913
20190916
20190920
20190923
20190927
20190930
20191004
20191007
20191011
20191014
20191018
20191021
20191025
20191028
20191101
20191104
20191108
20191111
20191115
20191118
20191122
20191125
20191129
20191202
20191206
20191209
20191213
20191216
20191220
20191223
20191227
20191230
20200104
20200107
20200111
20200114
20200118
20200121
20200125
20200128
20200201
20200204
20200208
20200211
20200215
20200218
20200222
20200225
20200301
20200304
20200308
20200311
20200315
20200318
20200322
20200325
20200329
20200401
20200405
20200408
20200412
20200415
20200419
20200422
20200426
20200429
20200503
20200506
20200510
20200513
20200517
20200520
20200524
20200527
20200531
20200603
20200607
20200610
20200614
20200617
20200621
20200624
20200628
20200701
20200705
20200708
20200712
20200715
20200719
20200722
20200726
20200729
20200802
20200805
20200809
20200812
20200816
20200819
20200823
20200826
20200830
20200902
20200906
20200909
20200913
20200916
20200920
20200923
20200927
20200930
20201004
20201007
20201011
20201014
20201018
20201021
20201025
20201028
20201101
20201104
20201108
20201111
20201115
20201118
20201122
20201125
20201129
20201202
20201206
20201209
20201213
20201216
20201220
20201223
20201227
20201230
20210104
20210107
20210111
20210114
20210118
20210121
20210125
20210128
20210201
20210204
20210208
20210211
20210215
20210218
20210222
20210225
20210301
20210304
20210308
20210311
20210315
20210318
20210322
20210325
20210329
20210401
20210405
20210408
20210412
20210415
20210419
20210422
20210426
20210429
20210503
20210506
20210510
20210513
20210517
20210520
20210524
20210527
20210531
20210603
20210607
20210610
20210614
20210617
20210621
20210624
20210628
20210701
20210705
20210708
20210712
20210715
20210719
20210722
20210726
20210729
20210802
20210805
20210809
20210812
20210816
20210819
20210823
20210826
20210830
20210902
20210906
20210909
20210913
20210916
20210920
20210923
20210927
20210930
20211004
20211007
20211011
20211014
20211018
20211021
20211025
20211028
20211101
20211104
20211108
20211111
20211115
20211118
20211122
20211125
20211129
20211202
20211206
20211209
20211213
20211216
20211220
20211223
20211227
20211230
