20010104
20010114
20010121
20010204
20010215
20010304
20010318
20010322
20010325
20010329
20010429
20010527
20010617
20010621
20010624
20010708
20010712
20010715
20010719
20010722
20010726
20010729
20010802
20010805
20010809
20010812
20010816
20010819
20010823
20010826
20010830
20010902
20010906
20010909
20010913
20010916
20010920
20010923
20010927
20010930
20011004
20011007
20011011
20011014
20011018
20011021
20011025
20011028
20011101
20011108
20011111
20011115
20011118
20011122
20011125
20011129
20011202
20011206
20011209
20011213
20011216
20011220
20011223
20011227
20011230
20020104
20020114
20020121
20020204
20020215
20020304
20020318
20020322
20020325
20020329
20020429
20020527
20020617
20020621
20020624
20020708
20020712
20020715
20020719
20020722
20020726
20020729
20020802
20020805
20020809
20020812
20020816
20020819
20020823
20020826
20020830
20020902
20020906
20020909
20020913
20020916
20020920
20020923
20020927
20020930
20021004
20021007
20021011
20021014
20021018
20021021
20021025
20021028
20021101
20021108
20021111
20021115
20021118
20021122
20021125
20021129
20021202
20021206
20021209
20021213
20021216
20021220
20021223
20021227
20021230
20030104
20030114
20030121
20030204
20030215
20030304
20030318
20030322
20030325
20030329
20030429
20030527
20030617
20030621
20030624
20030708
20030712
20030715
20030719
20030722
20030726
20030729
20030802
20030805
20030809
20030812
20030816
20030819
20030823
20030826
20030830
20030902
20030906
20030909
20030913
20030916
20030920
20030923
20030927
20030930
20031004
20031007
20031011
20031014
20031018
20031021
20031025
20031028
20031101
20031108
20031111
20031115
20031118
20031122
20031125
20031129
20031202
20031206
20031209
20031213
20031216
20031220
20031223
20031227
20031230
20040104
20040114
20040121
20040204
20040215
20040304
20040318
20040322
20040325
20040329
20040429
20040527
20040617
20040621
20040624
20040708
20040712
20040715
20040719
20040722
20040726
20040729
20040802
20040805
20040809
20040812
20040816
20040819
20040823
20040826
20040830
20040902
20040906
20040909
20040913
20040916
20040920
20040923
20040927
20040930
20041004
20041007
20041011
20041014
20041018
20041021
20041025
20041028
20041101
20041108
20041111
20041115
20041118
20041122
20041125
20041129
20041202
20041206
20041209
20041213
20041216
20041220
20041223
20041227
20041230
20050104
20050114
20050121
20050204
20050215
20050304
20050318
20050322
20050325
20050329
20050429
20050527
20050617
20050621
20050624
20050708
20050712
20050715
20050719
20050722
20050726
20050729
20050802
20050805
20050809
20050812
20050816
20050819
20050823
20050826
20050830
20050902
20050906
20050909
20050913
20050916
20050920
20050923
20050927
20050930
20051004
20051007
20051011
20051014
20051018
20051021
20051025
20051028
20051101
20051108
20051111
20051115
20051118
20051122
20051125
20051129
20051202
20051206
20051209
20051213
20051216
20051220
20051223
20051227
20051230
20060104
20060114
20060121
20060204
20060215
20060304
20060318
20060322
20060325
20060329
20060429
20060527
20060617
20060621
20060624
20060708
20060712
20060715
20060719
20060722
20060726
20060729
20060802
20060805
20060809
20060812
20060816
20060819
20060823
20060826
20060830
20060902
20060906
20060909
20060913
20060916
20060920
20060923
20060927
20060930
20061004
20061007
20061011
20061014
20061018
20061021
20061025
20061028
20061101
20061108
20061111
20061115
20061118
20061122
20061125
20061129
20061202
20061206
20061209
20061213
20061216
20061220
20061223
20061227
20061230
20070104
20070114
20070121
20070204
20070215
20070304
20070318
20070322
20070325
20070329
20070429
20070527
20070617
20070621
20070624
20070708
20070712
20070715
20070719
20070722
20070726
20070729
20070802
20070805
20070809
20070812
20070816
20070819
20070823
20070826
20070830
20070902
20070906
20070909
20070913
20070916
20070920
20070923
20070927
20070930
20071004
20071007
20071011
20071014
20071018
20071021
20071025
20071028
20071101
20071108
20071111
20071115
20071118
20071122
20071125
20071129
20071202
20071206
20071209
20071213
20071216
20071220
20071223
20071227
20071230
20080104
20080114
20080121
20080204
20080215
20080304
20080318
20080322
20080325
20080329
20080429
20080527
20080617
20080621
20080624
20080708
20080712
20080715
20080719
20080722
20080726
20080729
20080802
20080805
20080809
20080812
20080816
20080819
20080823
20080826
20080830
20080902
20080906
20080909
20080913
20080916
20080920
20080923
20080927
20080930
20081004
20081007
20081011
20081014
20081018
20081021
20081025
20081028
20081101
20081108
20081111
20081115
20081118
20081122
20081125
20081129
20081202
20081206
20081209
20081213
20081216
20081220
20081223
20081227
20081230
20090104
20090114
20090121
20090204
20090215
20090304
20090318
20090322
20090325
20090329
20090429
20090527
20090617
20090621
20090624
20090708
20090712
20090715
20090719
20090722
20090726
20090729
20090802
20090805
20090809
20090812
20090816
20090819
20090823
20090826
20090830
20090902
20090906
20090909
20090913
20090916
20090920
20090923
20090927
20090930
20091004
20091007
20091011
20091014
20091018
20091021
20091025
20091028
20091101
20091108
20091111
20091115
20091118
20091122
20091125
20091129
20091202
20091206
20091209
20091213
20091216
20091220
20091223
20091227
20091230
20100104
20100114
20100121
20100204
20100215
20100304
20100318
20100322
20100325
20100329
20100429
20100527
20100617
20100621
20100624
20100708
20100712
20100715
20100719
20100722
20100726
20100729
20100802
20100805
20100809
20100812
20100816
20100819
20100823
20100826
20100830
20100902
20100906
20100909
20100913
20100916
20100920
20100923
20100927
20100930
20101004
20101007
20101011
20101014
20101018
20101021
20101025
20101028
20101101
20101108
20101111
20101115
20101118
20101122
20101125
20101129
20101202
20101206
20101209
20101213
20101216
20101220
20101223
20101227
20101230
20110104
20110114
20110121
20110204
20110215
20110304
20110318
20110322
20110325
20110329
20110429
20110527
20110617
20110621
20110624
20110708
20110712
20110715
20110719
20110722
20110726
20110729
20110802
20110805
20110809
20110812
20110816
20110819
20110823
20110826
20110830
20110902
20110906
20110909
20110913
20110916
20110920
20110923
20110927
20110930
20111004
20111007
20111011
20111014
20111018
20111021
20111025
20111028
20111101
20111108
20111111
20111115
20111118
20111122
20111125
20111129
20111202
20111206
20111209
20111213
20111216
20111220
20111223
20111227
20111230
20120104
20120114
20120121
20120204
20120215
20120304
20120318
20120322
20120325
20120329
20120429
20120527
20120617
20120621
20120624
20120708
20120712
20120715
20120719
20120722
20120726
20120729
20120802
20120805
20120809
20120812
20120816
20120819
20120823
20120826
20120830
20120902
20120906
20120909
20120913
20120916
20120920
20120923
20120927
20120930
20121004
20121007
20121011
20121014
20121018
20121021
20121025
20121028
20121101
20121108
20121111
20121115
20121118
20121122
20121125
20121129
20121202
20121206
20121209
20121213
20121216
20121220
20121223
20121227
20121230
20130104
20130114
20130121
20130204
20130215
20130304
20130318
20130322
20130325
20130329
20130429
20130527
20130617
20130621
20130624
20130708
20130712
20130715
20130719
20130722
20130726
20130729
20130802
20130805
20130809
20130812
20130816
20130819
20130823
20130826
20130830
20130902
20130906
20130909
20130913
20130916
20130920
20130923
20130927
20130930
20131004
20131007
20131011
20131014
20131018
20131021
20131025
20131028
20131101
20131108
20131111
20131115
20131118
20131122
20131125
20131129
20131202
20131206
20131209
20131213
20131216
20131220
20131223
20131227
20131230
20140104
20140114
20140121
20140204
20140215
20140304
20140318
20140322
20140325
20140329
20140429
20140527
20140617
20140621
20140624
20140708
20140712
20140715
20140719
20140722
20140726
20140729
20140802
20140805
20140809
20140812
20140816
20140819
20140823
20140826
20140830
20140902
20140906
20140909
20140913
20140916
20140920
20140923
20140927
20140930
20141004
20141007
20141011
20141014
20141018
20141021
20141025
20141028
20141101
20141108
20141111
20141115
20141118
20141122
20141125
20141129
20141202
20141206
20141209
20141213
20141216
20141220
20141223
20141227
20141230
20150104
20150114
20150121
20150204
20150215
20150304
20150318
20150322
20150325
20150329
20150429
20150527
20150617
20150621
20150624
20150708
20150712
20150715
20150719
20150722
20150726
20150729
20150802
20150805
20150809
20150812
20150816
20150819
20150823
20150826
20150830
20150902
20150906
20150909
20150913
20150916
20150920
20150923
20150927
20150930
20151004
20151007
20151011
20151014
20151018
20151021
20151025
20151028
20151101
20151108
20151111
20151115
20151118
20151122
20151125
20151129
20151202
20151206
20151209
20151213
20151216
20151220
20151223
20151227
20151230
20160104
20160114
20160121
20160204
20160215
20160304
20160318
20160322
20160325
20160329
20160429
20160527
20160617
20160621
20160624
20160708
20160712
20160715
20160719
20160722
20160726
20160729
20160802
20160805
20160809
20160812
20160816
20160819
20160823
20160826
20160830
20160902
20160906
20160909
20160913
20160916
20160920
20160923
20160927
20160930
20161004
20161007
20161011
20161014
20161018
20161021
20161025
20161028
20161101
20161108
20161111
20161115
20161118
20161122
20161125
20161129
20161202
20161206
20161209
20161213
20161216
20161220
20161223
20161227
20161230
20170104
20170114
20170121
20170204
20170215
20170304
20170318
20170322
20170325
20170329
20170429
20170527
20170617
20170621
20170624
20170708
20170712
20170715
20170719
20170722
20170726
20170729
20170802
20170805
20170809
20170812
20170816
20170819
20170823
20170826
20170830
20170902
20170906
20170909
20170913
20170916
20170920
20170923
20170927
20170930
20171004
20171007
20171011
20171014
20171018
20171021
20171025
20171028
20171101
20171108
20171111
20171115
20171118
20171122
20171125
20171129
20171202
20171206
20171209
20171213
20171216
20171220
20171223
20171227
20171230
20180104
20180114
20180121
20180204
20180215
20180304
20180318
20180322
20180325
20180329
20180429
20180527
20180617
20180621
20180624
20180708
20180712
20180715
20180719
20180722
20180726
20180729
20180802
20180805
20180809
20180812
20180816
20180819
20180823
20180826
20180830
20180902
20180906
20180909
20180913
20180916
20180920
20180923
20180927
20180930
20181004
20181007
20181011
20181014
20181018
20181021
20181025
20181028
20181101
20181108
20181111
20181115
20181118
20181122
20181125
20181129
20181202
20181206
20181209
20181213
20181216
20181220
20181223
20181227
20181230
20190104
20190114
20190121
20190204
20190215
20190304
20190318
20190322
20190325
20190329
20190429
20190527
20190617
20190621
20190624
20190708
20190712
20190715
20190719
20190722
20190726
20190729
20190802
20190805
20190809
20190812
20190816
20190819
20190823
20190826
20190830
20190902
20190906
20190909
20190913
20190916
20190920
20190923
20190927
20190930
20191004
20191007
20191011
20191014
20191018
20191021
20191025
20191028
20191101
20191108
20191111
20191115
20191118
20191122
20191125
20191129
20191202
20191206
20191209
20191213
20191216
20191220
20191223
20191227
20191230
20200104
20200114
20200121
20200204
20200215
20200304
20200318
20200322
20200325
20200329
20200429
20200527
20200617
20200621
20200624
20200708
20200712
20200715
20200719
20200722
20200726
20200729
20200802
20200805
20200809
20200812
20200816
20200819
20200823
20200826
20200830
20200902
20200906
20200909
20200913
20200916
20200920
20200923
20200927
20200930
20201004
20201007
20201011
20201014
20201018
20201021
20201025
20201028
20201101
20201108
20201111
20201115
20201118
20201122
20201125
20201129
20201202
20201206
20201209
20201213
20201216
20201220
20201223
20201227
20201230
20210104
20210114
20210121
20210204
20210215
20210304
20210318
20210322
20210325
20210329
20210429
20210527
20210617
20210621
20210624
20210708
20210712
20210715
20210719
20210722
20210726
20210729
20210802
20210805
20210809
20210812
20210816
20210819
20210823
20210826
20210830
20210902
20210906
20210909
20210913
20210916
20210920
20210923
20210927
20210930
20211004
20211007
20211011
20211014
20211018
20211021
20211025
20211028
20211101
20211108
20211111
20211115
20211118
20211122
20211125
20211129
20211202
20211206
20211209
20211213
20211216
20211220
20211223
20211227
20211230
