0.02182242 0.00993079
0.02662143 0.00686690
0.03040845 0.00489930
0.03437209 0.00318202
0.03161351 0.00629730
0.03284094 0.00582437
0.02862996 0.00860931
0.02757564 0.01357482
0.02509773 0.01448587
0.02452528 0.01564612
0.02342877 0.01399902
0.02044394 0.01094894
0.02081817 0.00265108
0.02660686 -0.00446093
0.01945302 -0.00406192
0.01636747 -0.00314562
0.02034617 0.00586313
0.02174853 0.00688928
0.02215134 0.00414086
0.02516078 0.00479481
0.02937032 0.00448396
0.03494497 0.00300303
0.04067115 -0.00153935
0.04660156 -0.00562744
0.05078850 -0.00937951
0.05396158 -0.01353437
0.05538396 -0.01893172
0.05626611 -0.02485457
0.05810310 -0.03034000
0.05990931 -0.03510586
0.06006284 -0.03739660
0.05827449 -0.04307361
0.05827323 -0.05236033
0.05496165 -0.06121302
0.04905236 -0.06798527
0.04320404 -0.07278774
0.03334656 -0.07512354
0.02589863 -0.07626361
0.02257438 -0.07410738
0.01732383 -0.06685869
0.01092481 -0.06106406
-0.00517523 -0.06181987
-0.00586023 -0.06394388
-0.00399037 -0.06565453
-0.01014020 -0.06527245
-0.01966462 -0.06106168
-0.03944311 -0.05757045
-0.04195323 -0.05713955
-0.04307474 -0.05396315
-0.04392760 -0.05144323
-0.04842888 -0.05081524
-0.05218341 -0.05030676
-0.05167287 -0.04808597
-0.05334280 -0.04200612
-0.05070317 -0.03950918
-0.05203675 -0.03625706
-0.05374542 -0.03094823
-0.05389239 -0.02252351
-0.05575373 -0.01880935
-0.05282346 -0.01334160
-0.04903855 -0.01113345
-0.04361978 -0.01017315
-0.04162858 -0.00585262
-0.03815437 -0.00149564
-0.03509955 0.00285411
-0.02942694 0.00605568
-0.02669930 0.00836799
-0.02240210 0.00963264
-0.01800324 0.01162227
-0.01444796 0.01452731
-0.01195980 0.01577921
-0.01150429 0.01760922
-0.01025120 0.01835258
-0.00837304 0.01746570
-0.00728295 0.01664739
-0.00597586 0.01506793
-0.00554059 0.01374202
-0.00601660 0.01207219
-0.00528771 0.01186002
-0.00482655 0.01083209
-0.00437186 0.00979319
-0.00426131 0.00874910
-0.00459861 0.00747571
-0.00490073 0.00705420
-0.00542711 0.00581098
-0.00656751 0.00419109
-0.00682323 0.00390353
-0.00672470 0.00287001
-0.00680052 0.00259174
-0.00677474 0.00288311
-0.00612541 0.00351565
-0.00619417 0.00313335
-0.00528948 0.00406230
-0.00465103 0.00527555
-0.00406265 0.00694849
-0.00351803 0.00792415
-0.00243418 0.01001045
-0.00147213 0.01148414
0.00014806 0.01391193
0.00267438 0.01582020
0.00511845 0.01718564
0.00779109 0.01921327
0.00998194 0.02021899
0.01268689 0.02125442
0.01507282 0.02157737
0.01660798 0.02099031
0.01724851 0.02000350
0.01817221 0.01886540
0.01839777 0.02021068
0.02165477 0.01918925
0.02310110 0.01609682
0.01701215 0.00982125
0.03781837 0.00932332
0.03060477 0.00698514
0.01402935 0.00858935
0.00825320 0.01096583
0.00608280 0.01005860
0.00836225 0.01205981
0.00737483 0.01161636
0.00857405 0.01165141
0.00610474 0.01027698
0.00682326 0.01148276
0.00666131 0.01150127
0.00930534 0.01159793
0.00666599 0.01178508
0.00535887 0.01096456
0.00385462 0.01320565
0.00212645 0.01269476
0.00000650 0.01241854
-0.00076878 0.01126086
-0.00192725 0.01143809
-0.00165942 0.01252353
-0.00093994 0.01420892
-0.00013823 0.01597320
0.00103677 0.01726638
0.00266474 0.01831159
0.00434427 0.01928429
0.00596212 0.01884549
0.00721905 0.01837303
0.00849082 0.01767274
0.01050734 0.01632191
0.01234955 0.01623752
0.01565348 0.01479215
0.01836737 0.01193789
-0.01738807 0.00255978
-0.01731785 0.00313258
-0.01723030 0.00413397
-0.01875763 0.00550867
-0.01737342 0.00672320
-0.01750086 0.00817486
-0.01877159 0.00914195
-0.01956345 0.01101657
-0.02024823 0.01237640
-0.02331420 0.01636941
-0.02375119 0.01704981
-0.02125729 0.01855275
-0.01518659 0.01700778
-0.01995218 0.02996456
-0.01535264 0.02939404
-0.01034091 0.02466390
-0.00590541 0.02743181
-0.00771848 0.03573109
-0.00488042 0.03884612
-0.00194562 0.04153578
0.00013221 0.04295498
0.00156284 0.04700082
0.00353124 0.05434542
0.00646846 0.06206586
0.00933193 0.06804766
0.01236809 0.07313044
0.01540642 0.07691904
0.01909102 0.08036608
0.02289389 0.08357324
0.02728134 0.08507525
0.03337901 0.08474963
0.04059142 0.08676660
0.04669833 0.08641189
0.05318274 0.08581324
0.06117360 0.08312699
0.06883598 0.07961457
0.07505672 0.07482074
0.07995155 0.06923544
0.08265899 0.06244665
0.08596854 0.05498481
0.09357785 0.04889749
0.09946031 0.04174915
0.10393047 0.03425493
0.10526829 0.03031344
0.10908287 0.02551138
0.11638339 0.02031728
0.12645413 0.01414267
0.12524424 0.00720762
0.12102870 -0.00061168
0.12494538 -0.00696964
0.12806959 -0.01549390
0.12143775 -0.02181414
0.11978495 -0.02992816
0.12274443 -0.03928453
0.11940335 -0.04554803
0.11843957 -0.05343974
0.11218248 -0.05978953
0.10629615 -0.06605105
0.10194940 -0.07156012
0.09377055 -0.07452114
0.08584814 -0.07878017
0.08307345 -0.08675975
0.07636754 -0.09219299
0.07059672 -0.09772156
0.06467973 -0.10263162
0.05820458 -0.10692883
0.05130099 -0.11059302
0.04513465 -0.11345278
0.03921649 -0.11547513
0.03417229 -0.11658585
0.02903882 -0.11713418
0.02344079 -0.11681377
0.01820616 -0.11575028
0.01238753 -0.11430722
0.00734634 -0.11331916
0.00337915 -0.11221893
-0.00070111 -0.11021621
-0.00517300 -0.10804767
-0.00875032 -0.10532049
-0.01224407 -0.10293589
-0.01535619 -0.09984502
-0.01842353 -0.09658638
-0.02117070 -0.09289495
-0.02413599 -0.08876937
-0.02617692 -0.08499566
-0.02831625 -0.08179697
-0.03032045 -0.07868900
-0.03208216 -0.07602644
-0.03406183 -0.07305751
-0.03585147 -0.07003028
-0.03810650 -0.06730445
-0.04026941 -0.06480996
-0.04198631 -0.06302574
-0.04360891 -0.06129347
-0.04513160 -0.05930871
-0.04669736 -0.05771807
-0.04797033 -0.05627478
-0.04925875 -0.05492040
-0.05054714 -0.05368001
-0.05171161 -0.05228499
-0.05199811 -0.05082805
-0.05167385 -0.04908739
-0.05131104 -0.04759277
-0.05013891 -0.04615207
-0.04873345 -0.04465701
-0.04650966 -0.04275386
-0.04312375 -0.03989000
-0.03724382 -0.03554792
-0.03427936 -0.03320550
-0.02922078 -0.02910663
-0.02890373 -0.02680830
-0.02302165 -0.02139408
-0.01643285 -0.01593081
-0.02021486 -0.01500453
-0.01702155 -0.01226574
-0.01378966 -0.01073395
-0.01645247 -0.01339422
-0.01807551 -0.01318578
-0.02115988 -0.01357948
-0.02285085 -0.01598282
-0.02358636 -0.01725151
-0.02500766 -0.01852149
-0.02543599 -0.01827345
-0.02563861 -0.01812018
-0.02537414 -0.01615236
-0.02508486 -0.01538766
-0.02411627 -0.01435476
-0.02405082 -0.01291964
-0.02319258 -0.01037765
-0.02268652 -0.00966404
-0.02210289 -0.00854603
-0.02195464 -0.00761458
-0.02252410 -0.00693909
-0.02260050 -0.00617868
-0.02260387 -0.00523724
-0.02253650 -0.00472895
-0.02183145 -0.00394738
-0.02113900 -0.00273356
-0.02008894 -0.00115892
-0.02023044 -0.00018467
-0.02021439 0.00060601
-0.01932315 0.00135560
-0.01838712 0.00235117
-0.01793108 0.00213914
0.07193105 -0.04928757
0.06989103 -0.04973771
0.06737669 -0.05040525
0.06398944 -0.05076144
0.06006538 -0.05086375
0.05617581 -0.05127823
0.05253181 -0.05159004
0.04950606 -0.05168481
0.04686109 -0.05226762
0.04444974 -0.05321027
0.04266557 -0.05585180
0.04180925 -0.05881626
0.04217012 -0.06295411
0.04090083 -0.06538968
0.04053664 -0.06920159
0.04130547 -0.07300380
0.04260012 -0.07773423
0.04285361 -0.08257941
0.04277894 -0.08664523
0.04196173 -0.08986810
0.04116741 -0.09284169
0.03975647 -0.09630600
0.03696833 -0.09920362
0.03311634 -0.10089618
0.02865899 -0.10208308
0.02409148 -0.10255168
0.01981766 -0.10240538
0.01541541 -0.10153734
0.01087658 -0.10002924
0.00603322 -0.09752590
0.00061649 -0.09482348
-0.00476612 -0.09209525
-0.01022575 -0.08833476
-0.01608910 -0.08345807
-0.02157852 -0.07733082
-0.02629342 -0.07106844
-0.02989146 -0.06454743
-0.03225780 -0.05800840
-0.03504692 -0.05221800
-0.03887297 -0.04684920
-0.04371678 -0.04273678
-0.04562095 -0.03822067
-0.04718111 -0.03387642
-0.04977916 -0.02899669
-0.05322208 -0.02373370
-0.05659202 -0.01888797
-0.05743480 -0.01518934
-0.05581202 -0.01168298
-0.05538491 -0.00783115
-0.05493693 -0.00404535
-0.05426270 -0.00019808
-0.05218177 0.00421986
-0.04934728 0.00877952
-0.04683752 0.01315412
-0.04476891 0.01788049
-0.04230398 0.02232816
-0.03941050 0.02662206
-0.03551643 0.03041138
-0.03146831 0.03460810
-0.02656787 0.03806456
-0.02161755 0.04109121
-0.01690317 0.04445065
-0.01235242 0.04751652
-0.00773072 0.05067209
-0.00339235 0.05304340
0.00055933 0.05469405
0.00399491 0.05625668
0.00733502 0.05763594
0.01033379 0.05899396
0.01284300 0.05990680
0.01495229 0.06035853
0.01707151 0.06088720
0.01931246 0.06094349
0.02164232 0.06123838
0.02413621 0.06132069
0.02638123 0.06163524
0.02840859 0.06158996
0.03102013 0.06172436
0.03384451 0.06166086
0.03652309 0.06128077
0.03930313 0.06070292
0.04174239 0.06035050
0.04388107 0.05958665
0.04609361 0.05866233
0.04820930 0.05735687
0.05015847 0.05589293
0.05226088 0.05420717
0.05448924 0.05225324
0.05686960 0.05034205
0.05969983 0.04838736
0.06242479 0.04607578
0.06553817 0.04321545
0.06881445 0.04026676
0.07245205 0.03748345
0.07639391 0.03448548
0.08039177 0.03146263
0.08420950 0.02854367
0.08827394 0.02604410
0.09216519 0.02340929
0.09530000 0.02117601
0.09791693 0.01893975
0.09981408 0.01674651
0.10119290 0.01458816
0.10197498 0.01236081
0.10230761 0.01017466
0.10260386 0.00814516
0.10248305 0.00644859
0.10196939 0.00488888
0.10077979 0.00310431
0.09879668 0.00129131
0.09562140 -0.00046614
0.09262725 -0.00122743
0.08808211 -0.00133613
0.08067951 -0.00090708
0.07450896 -0.00013243
0.06932123 0.00012569
0.06510443 -0.00013530
0.06212111 -0.00022205
0.06023214 -0.00074432
0.05897213 -0.00150583
0.05786182 -0.00235601
0.05719156 -0.00360536
0.05705671 -0.00538440
0.05702565 -0.00728703
0.05750317 -0.00915309
0.05818868 -0.01093518
0.05904743 -0.01295108
0.06010900 -0.01525722
0.06099903 -0.01764604
0.06218658 -0.01988308
0.06333554 -0.02225102
0.06445953 -0.02473115
0.06560839 -0.02713462
0.06676625 -0.02964151
0.06816528 -0.03202555
0.06895902 -0.03426149
0.06947661 -0.03638281
0.06991082 -0.03849525
0.07071953 -0.04033133
0.07139101 -0.04223519
0.07193416 -0.04383897
0.07261194 -0.04542309
0.07339645 -0.04714689
0.07318126 -0.04854477
